002 177 235	002 178 022	002 178 115	002 178 115	myrm
002 178 085	002 178 085	002 178 160	002 178 160	myrm
002 178 037	002 178 037	002 178 130	002 178 130	myrm
002 178 100	002 178 100	002 178 175	002 178 175	dreadfighter
002 178 145	002 178 145	002 178 145	002 178 145	dreadfighter
002 160 141	002 160 234	002 161 105	002 161 105	swdarmr
002 180 003	002 180 003	002 180 003	002 180 003	swdarmr
002 169 110	002 168 053	002 170 212	002 170 212	swdknight
002 169 110	002 170 198	002 170 198	002 170 198	swdknight
002 179 057	002 179 108	002 179 138	002 179 138	thief
002 179 057	002 179 068	002 179 151	002 179 151	trickster
002 177 040	002 176 021	002 176 120	002 176 120	soldier
002 176 105	002 176 105	002 176 167	002 176 167	soldier
002 176 037	002 176 037	002 176 136	002 176 136	holylancer
002 160 113	002 161 034	002 161 118	002 161 118	lncarmr
002 160 113	002 161 161	002 161 092	002 161 092	lncarmr
002 170 018	002 170 018	002 170 156	002 170 156	thdrknight
002 170 046	002 170 046	002 170 226	002 170 226	thdrknight
002 170 032	002 170 032	002 170 170	002 170 170	lncknight
002 174 105	002 174 150	002 174 216	002 174 216	pegknight
002 174 105	002 174 200	002 174 248	002 174 248	pegknight
002 174 105	002 174 166	002 174 232	002 174 232	pegknight
002 166 033	002 166 092	002 166 139	002 166 139	fighter
002 166 061	002 166 061	002 166 124	002 166 124	fighter
002 160 127	002 160 192	002 161 079	002 161 079	axarmr
002 168 137	002 170 142	002 170 254	002 170 254	axknight
002 168 137	002 169 238	002 170 184	002 170 184	firepal
002 165 041	002 165 178	002 165 210	002 165 210	maligknight
002 165 011	002 165 162	002 165 194	002 165 194	dragknight
002 159 130	002 160 013	002 160 087	002 160 087	archer
002 159 070	002 159 255	002 160 073	002 160 073	archer
002 159 070	002 159 211	002 160 059	002 160 059	archer
002 168 204	002 170 060	002 170 240	002 170 240	bowknight
002 171 180	002 171 235	002 172 151	002 172 151	firemage
002 171 180	002 171 205	002 172 115	002 172 115	enchantress
002 172 187	002 172 031	002 172 127	002 172 127	thdrmage
002 171 168	002 172 163	002 172 163	002 172 163	thdr(wind)mage
002 171 168	002 172 073	002 172 139	002 172 139	windmage/sonofashnard
002 172 212	002 172 224	002 172 236	002 172 236	lightmage
002 173 181	002 173 181	002 174 048	002 174 048	warmonk
002 174 091	002 174 091	002 174 091	002 174 091	warmonk
002 173 123	002 173 195	002 174 062	002 174 062	priest
002 174 076	002 174 076	002 174 076	002 174 076	priest
002 171 092	002 171 092	002 171 102	002 171 102	hero
002 172 103	002 172 103	002 172 175	002 172 175	darksage
002 164 243	002 164 243	002 177 209	002 177 209	druid
002 164 002	002 164 002	002 164 013	002 164 013	cleric
002 179 164	002 179 164	002 179 164	002 179 164	assassin
002 163 236	002 163 236	002 163 236	002 163 236	chancellor
002 165 248	002 165 248	002 165 248	002 165 248	queen
002 175 042	002 175 042	002 175 042	002 175 042	empress
002 175 253	002 162 114	002 162 114	002 162 114	lion(skrimir)
002 166 244	002 162 088	002 162 088	002 162 088	lion(giffca)
002 173 006	002 162 177	002 162 177	002 162 177	tiger(mordecai)
002 173 027	002 162 191	002 162 191	002 162 191	tiger(muarim)
002 167 062	002 162 151	002 162 151	002 162 151	tiger(pain)
002 171 064	002 161 251	002 161 251	002 161 251	cat(ranulf)
002 163 226	002 161 238	002 161 238	002 161 238	cat(kezhda)
002 175 019	002 162 023	002 162 023	002 162 023	cat(lethe)
002 173 083	002 162 217	002 162 217	002 162 217	wolf
002 179 249	002 163 108	002 163 108	002 163 108	hawk
002 179 240	002 162 252	002 162 252	002 162 252	raven
002 164 181	002 164 087	002 164 087	002 164 087	reddrag
002 164 213	002 164 115	002 164 115	002 164 115	whitedrag
002 164 191	002 164 101	002 164 101	002 164 101	blackdrag
002 167 179	002 162 101	002 162 101	002 162 101	kinglion
002 173 062	002 162 205	002 162 205	002 162 205	wolfqueen
002 179 201	002 163 094	002 163 094	002 163 094	hawkking
002 173 051	002 163 024	002 163 024	002 163 024	ravenking
002 164 063	002 164 073	002 164 073	002 164 073	dragking
002 175 008	002 163 122	002 163 122	002 163 122	heron(rafiel)
002 171 072	002 163 137	002 163 137	002 163 137	heron(leanne)
002 175 029	002 163 152	002 163 152	002 163 152	heron(reyson)